016
043
016
242
216
115
221
153
145
039
082
128
235
197
145
170
158
133
242
125
227
148
198
061
232
141
225
169
224
200
031
220
057
147
082
064
248
056
127
161
116
217
008
159
175
071
005
253
152
064
018
150
138
054
049
251
168
105
245
032
027
049
240
212
109
158
150
249
230
119
253
143
128
130
217
093
039
228
008
232
251
164
087
050
148
229
220
063
058
128
050
132
138
236
185
205
203
102
105
255
103
145
240
249
059
094
093
134
243
074
069
043
168
229
129
085
035
077
252
189
251
257
173
092
078
252
208
251
073
063
083
006
095
080
029
232
058
160
157
184
093
153
210
145
175
006
092
238
203
199
232
257
063
053
237
242
081
205
060
246
103
105
147
173
219
193
062
256
064
025
222
233
044
085
189
127
104
083
257
049
106
014
159
038
139
252
095
144
045
190
060
137
095
152
138
257
141
157
114
191
112
161
137
025
254
251
203
102
203
178
080
145
075
067
129
218
155
200
038
207
224
142
251
145
098
019
084
230
159
223
001
096
257
021
062
106
202
033
138
199
253
221
210
253
009
116
020
099
167
021
113
002
182
224
207
181
177
228
149
213
148
111
145
188
186
189
251
025
014
062
251
229
094
234
046
121
156
001
026
170
126
210
064
163
028
252
191
076
231
036
127
188
177
232
022
003
228
114
096
004
048
038
220
003
035
055
252
032
090
087
148
139
047
251
030
204
018
144
144
183
096
021
227
055
112
117
212
245
243
220
220
012
105
249
110
026
194
243
232
214
146
004
155
229
213
187
214
115
214
089
140
073
124
257
051
153
092
069
129
065
147
244
138
255
138
226
080
229
074
142
019
059
162
145
253
239
162
051
042
077
145
040
006
096
075
147
232
129
257
257
126
222
092
096
229
007
134
148
152
205
151
159
120
231
172
192
060
225
217
001
212
145
052
021
218
092
173
233
165
152
210
181
238
090
036
008
096
148
051
151
234
008
135
251
001
158
126
085
257
136
026
243
096
024
129
159
128
251
190
230
184
046
137
240
172
008
171
232
151
169
145
020
047
154
128
154
013
039
133
120
024
240
227
250
116
247
018
145
101
012
076
251
102
028
160
232
249
087
145
104
011
227
155
058
157
132
065
181
127
209
011
105
240
254
012
213
059
143
089
117
227
013
244
002
075
257
152
066
122
020
042
132
123
185
027
034
188
012
061
105
130
017
251
164
161
248
175
146
097
121
120
002
086
203
123
088
202
213
102
081
078
198
030
138
253
257
255
169
042
060
240
174
025
253
257
236
214
257
080
072
187
064
037
214
239
184
132
072
229
086
162
257
251
192
210
052
116
057
008
157
051
093
177
080
105
094
014
226
143
110
